function [ElementList, colorArray] = MasterElementList(~)

ElementList =   {'Al K';
                'Ca K';
                'C K';
                'Cl K';
                'Co K';
                'Cr K';
                'Cu K';
                'Au K';
                'Fe K';
                'Mg K';
                'Mn K';
                'Mo L';
                'Ni K';
                'N K';
                'O K ';
                'P K';
                'Pt K';
                'Si K';
                'Ti K';
                'W K';
                'V K';
                'S K';
                'Ge K';
                'Au L';
                'K K';
                'Zr L';
                'Tl M';
                'Nb L';
                'Pt L';
                'Ga K'};

colorArray = [230 25 75;
              60 180 75;
              100 100 100;
              0 130 200;
              245 130 48;
              145 30 180;
              210 245 60;
              255 225 25;
              128 128 128;
              250 190 190;
              170 255 195;
              0 128 128;
              255 215 180;
              230 190 255;
              0 0 128;
              128 0 0;
              128 128 0;
              170 110 40;
              240 50 230;
              70 240 240;
              255 250 203;
              51 0 0;
              25 51 0;
              0 102 102;
              153 153 255;
              255 153 255;
              153 255 153;
              204 204 255;
              51 255 189;
              0  153 22];
colorArray = colorArray/255;


end
